-1.500000000000000000e+01 1.480596174858488844e-27
-1.482412060301507495e+01 4.013173633715980073e-25
-1.464824120603014990e+01 8.031133289834237394e-23
-1.447236180904522662e+01 1.187279263537835178e-20
-1.429648241206030157e+01 1.297423022488163623e-18
-1.412060301507537652e+01 1.048699751117580065e-16
-1.394472361809045147e+01 6.274577018674722390e-15
-1.376884422110552819e+01 2.781367451103682427e-13
-1.359296482412060314e+01 9.143929449854355103e-12
-1.341708542713567809e+01 2.232505180430535164e-10
-1.324120603015075304e+01 4.055116314993125485e-09
-1.306532663316582976e+01 5.492742384218671966e-08
-1.288944723618090471e+01 5.565853899334414638e-07
-1.271356783919597966e+01 4.237429433385001688e-06
-1.253768844221105461e+01 2.438053036970156025e-05
-1.236180904522613133e+01 1.068628534663244628e-04
-1.218592964824120628e+01 3.607847269880386232e-04
-1.201005025125628123e+01 9.527788944143868914e-04
-1.183417085427135618e+01 2.010683226528936322e-03
-1.165829145728643113e+01 3.489698896225458275e-03
-1.148241206030150785e+01 5.164097262628790548e-03
-1.130653266331658280e+01 6.786727019875877197e-03
-1.113065326633165775e+01 8.240693319981161682e-03
-1.095477386934673447e+01 9.532781120160248658e-03
-1.077889447236180942e+01 1.070413646138338587e-02
-1.060301507537688437e+01 1.181028584224667194e-02
-1.042713567839195932e+01 1.290311906313313176e-02
-1.025125628140703427e+01 1.394860492345557229e-02
-1.007537688442210921e+01 1.491365955006580812e-02
-9.899497487437185939e+00 1.591577015446200838e-02
-9.723618090452260887e+00 1.701253054906072537e-02
-9.547738693467337612e+00 1.800489775560618413e-02
-9.371859296482412560e+00 1.880392804457552830e-02
-9.195979899497487509e+00 1.971485485499716375e-02
-9.020100502512562457e+00 2.092655133264643627e-02
-8.844221105527637405e+00 2.206437307363116884e-02
-8.668341708542712354e+00 2.277009325449002447e-02
-8.492462311557787302e+00 2.338503988547589729e-02
-8.316582914572864027e+00 2.449440396494526398e-02
-8.140703517587938975e+00 2.598715107129996940e-02
-7.964824120603014812e+00 2.714258288270124039e-02
-7.788944723618089760e+00 2.767694240700993569e-02
-7.613065326633165597e+00 2.816948518594228346e-02
-7.437185929648240545e+00 2.933387876296100066e-02
-7.261306532663316382e+00 3.116916923891087376e-02
-7.085427135678391330e+00 3.288231573817113756e-02
-6.909547738693467167e+00 3.377213450752297036e-02
-6.733668341708542115e+00 3.428162811686640693e-02
-6.557788944723617064e+00 3.571099932289995699e-02
-6.381909547738692012e+00 3.861003852150529658e-02
-6.206030150753768737e+00 4.188622464978222770e-02
-6.030150753768843686e+00 4.378035362203052533e-02
-5.854271356783918634e+00 4.361415154502434194e-02
-5.678391959798993582e+00 4.245809749387646076e-02
-5.502512562814070307e+00 4.174332917786203329e-02
-5.326633165829145256e+00 4.135774493018333497e-02
-5.150753768844220204e+00 4.003830907746087908e-02
-4.974874371859295152e+00 3.748959671384342190e-02
-4.798994974874371877e+00 3.486484452582767901e-02
-4.623115577889446826e+00 3.312834643661297096e-02
-4.447236180904521774e+00 3.195304758606810902e-02
-4.271356783919596722e+00 3.048933375749350930e-02
-4.095477386934673447e+00 2.862807314191117766e-02
-3.919597989949748396e+00 2.699717834117667734e-02
-3.743718592964823344e+00 2.589517904993542813e-02
-3.567839195979898292e+00 2.487233108962253261e-02
-3.391959798994973241e+00 2.357139399678683314e-02
-3.216080402010049966e+00 2.225186210072227153e-02
-3.040201005025124914e+00 2.108343118449047815e-02
-2.864321608040199862e+00 1.989594020303058278e-02
-2.688442211055274811e+00 1.908426801775018472e-02
-2.512562814070351536e+00 1.978771498067104576e-02
-2.336683417085426484e+00 2.273751395800699404e-02
-2.160804020100501432e+00 2.728234849782380789e-02
-1.984924623115576381e+00 3.156065015605290236e-02
-1.809045226130653106e+00 3.374216665210362509e-02
-1.633165829145728054e+00 3.339646002748208886e-02
-1.457286432160803002e+00 3.139536155627411368e-02
-1.281407035175877951e+00 2.857936798267988673e-02
-1.105527638190954676e+00 2.533106698776590310e-02
-9.296482412060296241e-01 2.219657595144578985e-02
-7.537688442211045725e-01 1.981589458493048309e-02
-5.778894472361795209e-01 1.824266181923120053e-02
-4.020100502512544693e-01 1.697713168857914109e-02
-2.261306532663311941e-01 1.562444993006408683e-02
-5.025125628140614253e-02 1.422507426689022941e-02
1.256281407035189090e-01 1.308108235919311878e-02
3.015075376884439606e-01 1.243019974274311296e-02
4.773869346733672359e-01 1.217388903345534117e-02
6.532663316582922874e-01 1.197359300183366455e-02
8.291457286432173390e-01 1.168169197877523026e-02
1.005025125628140614e+00 1.141281494888987495e-02
1.180904522613065666e+00 1.123972067428964661e-02
1.356783919597990717e+00 1.114924449219366343e-02
1.532663316582915769e+00 1.111943082792715871e-02
1.708542713567840821e+00 1.099904851470375790e-02
1.884422110552765872e+00 1.058783874041626868e-02
2.060301507537690924e+00 1.000087628830554839e-02
2.236180904522615975e+00 9.626652476397835542e-03
2.412060301507537474e+00 9.579874103738955302e-03
2.587939698492462526e+00 9.544469550742798458e-03
2.763819095477387577e+00 9.261331714642856427e-03
2.939698492462312629e+00 8.810297013977340039e-03
3.115577889447237681e+00 8.361508700106077413e-03
3.291457286432162732e+00 7.975967989597508578e-03
3.467336683417087784e+00 7.683779405812391460e-03
3.643216080402012835e+00 7.524658178741647392e-03
3.819095477386934334e+00 7.423324241249439938e-03
3.994974874371859386e+00 7.150485085182176244e-03
4.170854271356784437e+00 6.594308568121107564e-03
4.346733668341709489e+00 6.012025463408406101e-03
4.522613065326634540e+00 5.745516637905358735e-03
4.698492462311559592e+00 5.743397661979381813e-03
4.874371859296484644e+00 5.657319960841917378e-03
5.050251256281409695e+00 5.311775704534894317e-03
5.226130653266334747e+00 4.819904619116996240e-03
5.402010050251256246e+00 4.378051007919989308e-03
5.577889447236181297e+00 4.115458867102775656e-03
5.753768844221106349e+00 4.004751631867344008e-03
5.929648241206031400e+00 3.868750515365103251e-03
6.105527638190956452e+00 3.573992695784766402e-03
6.281407035175881504e+00 3.171121395712305641e-03
6.457286432160806555e+00 2.798458202511601434e-03
6.633165829145731607e+00 2.532852596828379620e-03
6.809045226130653106e+00 2.351230773433478881e-03
6.984924623115578157e+00 2.174233476774429207e-03
7.160804020100503209e+00 1.939505355282945213e-03
7.336683417085428260e+00 1.657332669038875808e-03
7.512562814070353312e+00 1.392871510712268435e-03
7.688442211055278364e+00 1.193270836492759356e-03
7.864321608040203415e+00 1.049780102533676152e-03
8.040201005025128467e+00 9.232911922400622142e-04
8.216080402010053518e+00 7.840392384182661876e-04
8.391959798994975017e+00 6.321311389221397114e-04
8.567839195979900069e+00 4.901728218606662014e-04
8.743718592964825120e+00 3.751562198675918226e-04
8.919597989949750172e+00 2.832396154497339447e-04
9.095477386934675224e+00 2.028637399505372433e-04
9.271356783919600275e+00 1.309962456419788484e-04
9.447236180904525327e+00 7.302557195816633464e-05
9.623115577889450378e+00 3.393222791062429204e-05
9.798994974874371877e+00 1.277031797022644252e-05
9.974874371859296929e+00 3.807373404452132468e-06
1.015075376884422198e+01 8.852601600947648008e-07
1.032663316582914703e+01 1.588501884485068209e-07
1.050251256281407208e+01 2.184595496559546862e-08
1.067839195979899714e+01 2.291694319028102676e-09
1.085427135678392219e+01 1.827315015275771962e-10
1.103015075376884724e+01 1.104343276478085230e-11
1.120603015075377229e+01 5.046159020750668604e-13
1.138190954773869379e+01 1.753317169693479790e-14
1.155778894472361884e+01 8.662772168648995782e-15
1.173366834170854389e+01 3.586834726160038592e-13
1.190954773869346894e+01 1.157032856195643289e-11
1.208542713567839400e+01 2.763699716426317717e-10
1.226130653266331905e+01 4.905969287409964851e-09
1.243718592964824410e+01 6.504469792243383214e-08
1.261306532663316915e+01 6.483504833874775086e-07
1.278894472361809065e+01 4.899352867498545241e-06
1.296482412060301570e+01 2.835067934454008252e-05
1.314070351758794075e+01 1.270865854609266150e-04
1.331658291457286580e+01 4.470472667751936827e-04
1.349246231155779085e+01 1.252241384519839655e-03
1.366834170854271591e+01 2.842739196287461054e-03
1.384422110552764096e+01 5.347250129395909359e-03
1.402010050251256601e+01 8.573669917269221424e-03
1.419597989949749106e+01 1.214050151259990842e-02
1.437185929648241256e+01 1.581002416232931210e-02
1.454773869346733761e+01 1.958698342726426442e-02
1.472361809045226266e+01 2.331618821178677720e-02
1.489949748743718771e+01 2.638513020474425250e-02
1.507537688442211277e+01 2.827772863880846296e-02
1.525125628140703782e+01 2.922414131136295834e-02
1.542713567839196287e+01 2.981383189456851546e-02
1.560301507537688792e+01 3.030914542062766032e-02
1.577889447236180942e+01 3.077049873472964200e-02
1.595477386934673447e+01 3.136706394581041668e-02
1.613065326633165952e+01 3.210998743691009100e-02
1.630653266331658457e+01 3.263533364246508361e-02
1.648241206030150963e+01 3.253368447653897516e-02
1.665829145728643468e+01 3.170197453656201786e-02
1.683417085427135973e+01 3.041357722846246836e-02
1.701005025125628123e+01 2.932709361727701969e-02
1.718592964824120628e+01 2.930561817182590623e-02
1.736180904522613133e+01 3.076606291094598558e-02
1.753768844221105638e+01 3.312145900354683536e-02
1.771356783919598143e+01 3.533279083476985327e-02
1.788944723618090649e+01 3.716614741875963468e-02
1.806532663316583154e+01 3.923201185496569959e-02
1.824120603015075659e+01 4.148649100287258445e-02
1.841708542713568164e+01 4.268356507781109754e-02
1.859296482412060669e+01 4.201296878830763221e-02
1.876884422110553174e+01 4.055217086504855906e-02
1.894472361809045680e+01 4.034802273973735198e-02
1.912060301507538185e+01 4.217353651352619831e-02
1.929648241206030690e+01 4.436472794999573449e-02
1.947236180904523195e+01 4.409268419783212573e-02
1.964824120603014990e+01 4.020130796365518205e-02
1.982412060301507495e+01 3.449957930222628810e-02
2.000000000000000000e+01 3.003598811673225885e-02
