-1.500000000000000000e+01 -4.645056044913735819e-30
-1.482412060301507495e+01 -1.320084836193430976e-27
-1.464824120603014990e+01 -2.739265285332771860e-25
-1.447236180904522662e+01 -4.148084485730105237e-23
-1.429648241206030157e+01 -4.581151901938851473e-21
-1.412060301507537652e+01 -3.687340129933701226e-19
-1.394472361809045147e+01 -2.161281294246828260e-17
-1.376884422110552819e+01 -9.215815346903202254e-16
-1.359296482412060314e+01 -2.854867807403549234e-14
-1.341708542713567809e+01 -6.411254485978434520e-13
-1.324120603015075304e+01 -1.039828166116705392e-11
-1.306532663316582976e+01 -1.208850481922493822e-10
-1.288944723618090471e+01 -9.907955832489268958e-10
-1.271356783919597966e+01 -5.492715915133435123e-09
-1.253768844221105461e+01 -1.799168467430953404e-08
-1.236180904522613133e+01 -9.741833284587752731e-09
-1.218592964824120628e+01 2.364269640411502951e-07
-1.201005025125628123e+01 1.432877544498397298e-06
-1.183417085427135618e+01 4.932042013162609363e-06
-1.165829145728643113e+01 1.228000661163380310e-05
-1.148241206030150785e+01 2.452039992767436375e-05
-1.130653266331658280e+01 4.179618473393799003e-05
-1.113065326633165775e+01 6.314736675004725284e-05
-1.095477386934673447e+01 8.722157193512681921e-05
-1.077889447236180942e+01 1.130305102890492635e-04
-1.060301507537688437e+01 1.386206201463654098e-04
-1.042713567839195932e+01 1.621932225851296461e-04
-1.025125628140703427e+01 1.856369769198937855e-04
-1.007537688442210921e+01 2.103952790155474767e-04
-9.899497487437185939e+00 2.325357558183619128e-04
-9.723618090452260887e+00 2.502447659059406099e-04
-9.547738693467337612e+00 2.684644169190208963e-04
-9.371859296482412560e+00 2.886407352368642850e-04
-9.195979899497487509e+00 3.052151325567146935e-04
-9.020100502512562457e+00 3.162248979508958634e-04
-8.844221105527637405e+00 3.257792881345240518e-04
-8.668341708542712354e+00 3.361579085604590863e-04
-8.492462311557787302e+00 3.455736023798207271e-04
-8.316582914572864027e+00 3.515391124164562943e-04
-8.140703517587938975e+00 3.529281040355177423e-04
-7.964824120603014812e+00 3.507433423199447287e-04
-7.788944723618089760e+00 3.467498861271666897e-04
-7.613065326633165597e+00 3.403648137060982792e-04
-7.437185929648240545e+00 3.296807156023615483e-04
-7.261306532663316382e+00 3.142549927785719469e-04
-7.085427135678391330e+00 2.917995623562666179e-04
-6.909547738693467167e+00 2.557825088074569130e-04
-6.733668341708542115e+00 2.018407521491456249e-04
-6.557788944723617064e+00 1.310071721117436814e-04
-6.381909547738692012e+00 4.245127584872719227e-05
-6.206030150753768737e+00 -6.511407598882945982e-05
-6.030150753768843686e+00 -1.766080325647568269e-04
-5.854271356783918634e+00 -2.608865046398122466e-04
-5.678391959798993582e+00 -3.002622546042970969e-04
-5.502512562814070307e+00 -3.059654278834053045e-04
-5.326633165829145256e+00 -2.960884131658706722e-04
-5.150753768844220204e+00 -2.763371174389121993e-04
-4.974874371859295152e+00 -2.507155145894400029e-04
-4.798994974874371877e+00 -2.306320845446055933e-04
-4.623115577889446826e+00 -2.220997154745397919e-04
-4.447236180904521774e+00 -2.142640337896517750e-04
-4.271356783919596722e+00 -1.816527488409871050e-04
-4.095477386934673447e+00 -8.742026249849710058e-05
-3.919597989949748396e+00 1.154992450321962747e-04
-3.743718592964823344e+00 4.691476039748909330e-04
-3.567839195979898292e+00 9.758841901072129541e-04
-3.391959798994973241e+00 1.578640563090849634e-03
-3.216080402010049966e+00 2.188323704690702323e-03
-3.040201005025124914e+00 2.736772107617039141e-03
-2.864321608040199862e+00 3.214607153705434199e-03
-2.688442211055274811e+00 3.668615717289784497e-03
-2.512562814070351536e+00 4.146548920463397243e-03
-2.336683417085426484e+00 4.632201907803476341e-03
-2.160804020100501432e+00 5.055023681649643483e-03
-1.984924623115576381e+00 5.350551459629726905e-03
-1.809045226130653106e+00 5.466432205464584818e-03
-1.633165829145728054e+00 5.344228779198158599e-03
-1.457286432160803002e+00 4.976865932523758321e-03
-1.281407035175877951e+00 4.483339382454036570e-03
-1.105527638190954676e+00 4.048708686966827862e-03
-9.296482412060296241e-01 3.753359889745574475e-03
-7.537688442211045725e-01 3.525239787192204106e-03
-5.778894472361795209e-01 3.298372935943325816e-03
-4.020100502512544693e-01 3.128304603131740452e-03
-2.261306532663311941e-01 3.103902849029517227e-03
-5.025125628140614253e-02 3.256141327792205862e-03
1.256281407035189090e-01 3.620214498713991182e-03
3.015075376884439606e-01 4.277741351201304852e-03
4.773869346733672359e-01 5.234124051433162138e-03
6.532663316582922874e-01 6.313304519774858188e-03
8.291457286432173390e-01 7.253083936308026350e-03
1.005025125628140614e+00 7.873845217859026802e-03
1.180904522613065666e+00 8.165524931073165141e-03
1.356783919597990717e+00 8.284307771707579218e-03
1.532663316582915769e+00 8.401280575079252133e-03
1.708542713567840821e+00 8.498161870569823431e-03
1.884422110552765872e+00 8.459288120892942062e-03
2.060301507537690924e+00 8.389133651377356574e-03
2.236180904522615975e+00 8.569616072300461143e-03
2.412060301507537474e+00 9.039962057211419974e-03
2.587939698492462526e+00 9.545448585157052801e-03
2.763819095477387577e+00 9.980515867644475930e-03
2.939698492462312629e+00 1.052804919975138323e-02
3.115577889447237681e+00 1.126813159288999298e-02
3.291457286432162732e+00 1.197984241761537033e-02
3.467336683417087784e+00 1.245348836826368905e-02
3.643216080402012835e+00 1.273018823229904277e-02
3.819095477386934334e+00 1.285630637984052846e-02
3.994974874371859386e+00 1.264685479431870534e-02
4.170854271356784437e+00 1.200804030917717799e-02
4.346733668341709489e+00 1.128843648925994571e-02
4.522613065326634540e+00 1.088653279651853253e-02
4.698492462311559592e+00 1.069878348338251448e-02
4.874371859296484644e+00 1.036780532612767078e-02
5.050251256281409695e+00 9.828249383177644835e-03
5.226130653266334747e+00 9.261265296467204380e-03
5.402010050251256246e+00 8.781954692860083345e-03
5.577889447236181297e+00 8.406302669432371560e-03
5.753768844221106349e+00 8.104726663542153112e-03
5.929648241206031400e+00 7.785296523463334888e-03
6.105527638190956452e+00 7.371260520376911839e-03
6.281407035175881504e+00 6.891130830423937599e-03
6.457286432160806555e+00 6.404464685262894509e-03
6.633165829145731607e+00 5.895145552893858373e-03
6.809045226130653106e+00 5.297834403264201943e-03
6.984924623115578157e+00 4.591998846666421781e-03
7.160804020100503209e+00 3.836030257485112047e-03
7.336683417085428260e+00 3.126729907123917181e-03
7.512562814070353312e+00 2.539064501650502553e-03
7.688442211055278364e+00 2.086016696841255704e-03
7.864321608040203415e+00 1.730230802223879909e-03
8.040201005025128467e+00 1.430422781219705666e-03
8.216080402010053518e+00 1.162033359960722503e-03
8.391959798994975017e+00 9.164761798673567387e-04
8.567839195979900069e+00 7.012970572499871175e-04
8.743718592964825120e+00 5.244063498080281860e-04
8.919597989949750172e+00 3.802760919155735437e-04
9.095477386934675224e+00 2.605004998956271067e-04
9.271356783919600275e+00 1.637728449121042735e-04
9.447236180904525327e+00 9.194817687468493685e-05
9.623115577889450378e+00 4.482649813660291062e-05
9.798994974874371877e+00 1.850581728565726521e-05
9.974874371859296929e+00 6.344498552786879873e-06
1.015075376884422198e+01 1.775475129144421950e-06
1.032663316582914703e+01 3.979082053526499860e-07
1.050251256281407208e+01 6.994956482049770227e-08
1.067839195979899714e+01 9.459586508868511601e-09
1.085427135678392219e+01 9.688120722754578588e-10
1.103015075376884724e+01 7.430064071250397510e-11
1.120603015075377229e+01 4.235107333318887753e-12
1.138190954773869379e+01 1.785546033612828628e-13
1.155778894472361884e+01 5.498038743379064316e-15
1.173366834170854389e+01 -2.240004900609043235e-15
1.190954773869346894e+01 -7.728154812914973142e-14
1.208542713567839400e+01 -1.875437565070607279e-12
1.226130653266331905e+01 -3.399197634931563955e-11
1.243718592964824410e+01 -4.631211648990603580e-10
1.261306532663316915e+01 -4.781580998617606509e-09
1.278894472361809065e+01 -3.777683081458927601e-08
1.296482412060301570e+01 -2.309219835473957032e-07
1.314070351758794075e+01 -1.105560627327602333e-06
1.331658291457286580e+01 -4.202016676476775889e-06
1.349246231155779085e+01 -1.288488983212065692e-05
1.366834170854271591e+01 -3.254434780625632852e-05
1.384422110552764096e+01 -6.960607591920622166e-05
1.402010050251256601e+01 -1.305417913230294785e-04
1.419597989949749106e+01 -2.229918323086466114e-04
1.437185929648241256e+01 -3.578142960384559832e-04
1.454773869346733761e+01 -5.464741164405698863e-04
1.472361809045226266e+01 -7.922885761051146102e-04
1.489949748743718771e+01 -1.085932237206415057e-03
1.507537688442211277e+01 -1.413087848884300030e-03
1.525125628140703782e+01 -1.762099024379213319e-03
1.542713567839196287e+01 -2.121666227140642583e-03
1.560301507537688792e+01 -2.484736964558130826e-03
1.577889447236180942e+01 -2.866328885103771977e-03
1.595477386934673447e+01 -3.303602876403400040e-03
1.613065326633165952e+01 -3.817585747997683833e-03
1.630653266331658457e+01 -4.381065039969916225e-03
1.648241206030150963e+01 -4.950514739788819223e-03
1.665829145728643468e+01 -5.528794744927272714e-03
1.683417085427135973e+01 -6.166221393859436760e-03
1.701005025125628123e+01 -6.914265767193421806e-03
1.718592964824120628e+01 -7.813507380975694486e-03
1.736180904522613133e+01 -8.884860021644286690e-03
1.753768844221105638e+01 -1.006358303770491305e-02
1.771356783919598143e+01 -1.113390348286011008e-02
1.788944723618090649e+01 -1.180294059475537650e-02
1.806532663316583154e+01 -1.190228454019196837e-02
1.824120603015075659e+01 -1.144170573419570937e-02
1.841708542713568164e+01 -1.050354521803900480e-02
1.859296482412060669e+01 -9.323505656024889954e-03
1.876884422110553174e+01 -8.399408067618116536e-03
1.894472361809045680e+01 -8.171513436234996083e-03
1.912060301507538185e+01 -8.569030166771580970e-03
1.929648241206030690e+01 -9.049771211033534254e-03
1.947236180904523195e+01 -9.104768897105834993e-03
1.964824120603014990e+01 -8.695161756402589731e-03
1.982412060301507495e+01 -8.187903926262018323e-03
2.000000000000000000e+01 -7.899297403814413768e-03
