-1.500000000000000000e+01 1.872197942198294536e-28
-1.482412060301507495e+01 5.734351363172899890e-26
-1.464824120603014990e+01 1.291681034463256033e-23
-1.447236180904522662e+01 2.140790028814785026e-21
-1.429648241206030157e+01 2.612245538364090182e-19
-1.412060301507537652e+01 2.348724396467493751e-17
-1.394472361809045147e+01 1.557736142049169986e-15
-1.376884422110552819e+01 7.631406072238005614e-14
-1.359296482412060314e+01 2.766593517012308042e-12
-1.341708542713567809e+01 7.439027983152293654e-11
-1.324120603015075304e+01 1.487930482055353899e-09
-1.306532663316582976e+01 2.221914846917037770e-08
-1.288944723618090471e+01 2.488343292597071496e-07
-1.271356783919597966e+01 2.101602585679404153e-06
-1.253768844221105461e+01 1.347916278456842194e-05
-1.236180904522613133e+01 6.623595666976980236e-05
-1.218592964824120628e+01 2.522902255268869454e-04
-1.201005025125628123e+01 7.565682226875774683e-04
-1.183417085427135618e+01 1.823360922981967979e-03
-1.165829145728643113e+01 3.624574888623847448e-03
-1.148241206030150785e+01 6.128889250636136189e-03
-1.130653266331658280e+01 9.120321439929180568e-03
-1.113065326633165775e+01 1.235009908650149500e-02
-1.095477386934673447e+01 1.563797357032177884e-02
-1.077889447236180942e+01 1.887952894891782238e-02
-1.060301507537688437e+01 2.208570850471302735e-02
-1.042713567839195932e+01 2.530853450849642611e-02
-1.025125628140703427e+01 2.843551903563542108e-02
-1.007537688442210921e+01 3.139439523046659575e-02
-9.899497487437185939e+00 3.445468945305676239e-02
-9.723618090452260887e+00 3.771644516432031552e-02
-9.547738693467337612e+00 4.069826443304746383e-02
-9.371859296482412560e+00 4.321685550544876464e-02
-9.195979899497487509e+00 4.601300344540984466e-02
-9.020100502512562457e+00 4.951129198450036906e-02
-8.844221105527637405e+00 5.278140839460829237e-02
-8.668341708542712354e+00 5.497132821229742256e-02
-8.492462311557787302e+00 5.694829198239651641e-02
-8.316582914572864027e+00 6.014199157159678261e-02
-8.140703517587938975e+00 6.424475181050312567e-02
-7.964824120603014812e+00 6.747402604607595500e-02
-7.788944723618089760e+00 6.914882894665491664e-02
-7.613065326633165597e+00 7.070888548605369639e-02
-7.437185929648240545e+00 7.393446884520860074e-02
-7.261306532663316382e+00 7.884382458009249472e-02
-7.085427135678391330e+00 8.343618475939909573e-02
-6.909547738693467167e+00 8.588561278752772365e-02
-6.733668341708542115e+00 8.727308951031539919e-02
-6.557788944723617064e+00 9.093921640289537311e-02
-6.381909547738692012e+00 9.834767105883694682e-02
-6.206030150753768737e+00 1.067646640412567155e-01
-6.030150753768843686e+00 1.118976553874839186e-01
-5.854271356783918634e+00 1.124129073639139331e-01
-5.678391959798993582e+00 1.112893048473202473e-01
-5.502512562814070307e+00 1.118967513209043058e-01
-5.326633165829145256e+00 1.132900888191426259e-01
-5.150753768844220204e+00 1.117800203652841440e-01
-4.974874371859295152e+00 1.066638678538321117e-01
-4.798994974874371877e+00 1.012114665731366492e-01
-4.623115577889446826e+00 9.802887883883507070e-02
-4.447236180904521774e+00 9.609086714579628818e-02
-4.271356783919596722e+00 9.305002060897595018e-02
-4.095477386934673447e+00 8.887948210194372700e-02
-3.919597989949748396e+00 8.570043555486012155e-02
-3.743718592964823344e+00 8.445993688561119483e-02
-3.567839195979898292e+00 8.369709727233454188e-02
-3.391959798994973241e+00 8.221217780907803807e-02
-3.216080402010049966e+00 8.066082636787109961e-02
-3.040201005025124914e+00 7.933846093738342042e-02
-2.864321608040199862e+00 7.766319845011052103e-02
-2.688442211055274811e+00 7.732010861466388774e-02
-2.512562814070351536e+00 8.263144488204186844e-02
-2.336683417085426484e+00 9.630332146941185389e-02
-2.160804020100501432e+00 1.158508080921201999e-01
-1.984924623115576381e+00 1.341161256604973262e-01
-1.809045226130653106e+00 1.438608305857051739e-01
-1.633165829145728054e+00 1.431418278786967258e-01
-1.457286432160803002e+00 1.352323275483507947e-01
-1.281407035175877951e+00 1.236220073780537609e-01
-1.105527638190954676e+00 1.102304025980144347e-01
-9.296482412060296241e-01 9.750046990147824555e-02
-7.537688442211045725e-01 8.793687703356069252e-02
-5.778894472361795209e-01 8.158684082436770679e-02
-4.020100502512544693e-01 7.637886518206374320e-02
-2.261306532663311941e-01 7.070626941033189561e-02
-5.025125628140614253e-02 6.465335786903252113e-02
1.256281407035189090e-01 5.940955263573068079e-02
3.015075376884439606e-01 5.608288802489606178e-02
4.773869346733672359e-01 5.441604339812165791e-02
6.532663316582922874e-01 5.296706767901344232e-02
8.291457286432173390e-01 5.103804263407742126e-02
1.005025125628140614e+00 4.919768722614732692e-02
1.180904522613065666e+00 4.794119654595002666e-02
1.356783919597990717e+00 4.728235106977154295e-02
1.532663316582915769e+00 4.698683179770049567e-02
1.708542713567840821e+00 4.620673954866520022e-02
1.884422110552765872e+00 4.404664797150373290e-02
2.060301507537690924e+00 4.116057888461020081e-02
2.236180904522615975e+00 3.938136821336470778e-02
2.412060301507537474e+00 3.916944801616162319e-02
2.587939698492462526e+00 3.900472149238982944e-02
2.763819095477387577e+00 3.771393088706219421e-02
2.939698492462312629e+00 3.569403186303141823e-02
3.115577889447237681e+00 3.374009830185869391e-02
3.291457286432162732e+00 3.225045474440061538e-02
3.467336683417087784e+00 3.147693202303076393e-02
3.643216080402012835e+00 3.137915367686051893e-02
3.819095477386934334e+00 3.122322606692667576e-02
3.994974874371859386e+00 3.000512098980610137e-02
4.170854271356784437e+00 2.766609468453070167e-02
4.346733668341709489e+00 2.554452395169342499e-02
4.522613065326634540e+00 2.487291248705631591e-02
4.698492462311559592e+00 2.516598903807523713e-02
4.874371859296484644e+00 2.499058007620009667e-02
5.050251256281409695e+00 2.377938169979613992e-02
5.226130653266334747e+00 2.206666583384193220e-02
5.402010050251256246e+00 2.061020768601316139e-02
5.577889447236181297e+00 1.984577337186100091e-02
5.753768844221106349e+00 1.965011798156923034e-02
5.929648241206031400e+00 1.941714909192129163e-02
6.105527638190956452e+00 1.867124965597166328e-02
6.281407035175881504e+00 1.749560326899441548e-02
6.457286432160806555e+00 1.624525882101027913e-02
6.633165829145731607e+00 1.510814317147290281e-02
6.809045226130653106e+00 1.401206251964517112e-02
6.984924623115578157e+00 1.279580821402409412e-02
7.160804020100503209e+00 1.139336912003059352e-02
7.336683417085428260e+00 9.878174087227960948e-03
7.512562814070353312e+00 8.405310368128044579e-03
7.688442211055278364e+00 7.123413260708299881e-03
7.864321608040203415e+00 6.097370978639834495e-03
8.040201005025128467e+00 5.279948707458710991e-03
8.216080402010053518e+00 4.546447910583359051e-03
8.391959798994975017e+00 3.797793560080017783e-03
8.567839195979900069e+00 3.041704419662334073e-03
8.743718592964825120e+00 2.346639767548129411e-03
8.919597989949750172e+00 1.752358554677562429e-03
9.095477386934675224e+00 1.254726053808985758e-03
9.271356783919600275e+00 8.387371478231126810e-04
9.447236180904525327e+00 5.033677941853442316e-04
9.623115577889450378e+00 2.604568857017944055e-04
9.798994974874371877e+00 1.124946654123423572e-04
9.974874371859296929e+00 3.964067754724500065e-05
1.015075376884422198e+01 1.119741055769661578e-05
1.032663316582914703e+01 2.494955918390239736e-06
1.050251256281407208e+01 4.317297839921239429e-07
1.067839195979899714e+01 5.720218058079528779e-08
1.085427135678392219e+01 5.735304911644811414e-09
1.103015075376884724e+01 4.312449155281698417e-10
1.120603015075377229e+01 2.415857340407977198e-11
1.138190954773869379e+01 1.003188074610813328e-12
1.155778894472361884e+01 4.587995794509216077e-17
1.173366834170854389e+01 -1.342964515809027134e-12
1.190954773869346894e+01 -4.330795523560096745e-11
1.208542713567839400e+01 -1.033424734602417949e-09
1.226130653266331905e+01 -1.832318826912663523e-08
1.243718592964824410e+01 -2.425979938026138916e-07
1.261306532663316915e+01 -2.414246760549913174e-06
1.278894472361809065e+01 -1.820888836425374734e-05
1.296482412060301570e+01 -1.051274990719166581e-04
1.314070351758794075e+01 -4.699103261730443355e-04
1.331658291457286580e+01 -1.646809390755012278e-03
1.349246231155779085e+01 -4.589350485526004671e-03
1.366834170854271591e+01 -1.034416069527022142e-02
1.384422110552764096e+01 -1.926553531082168466e-02
1.402010050251256601e+01 -3.047547535331736682e-02
1.419597989949749106e+01 -4.239378290174379560e-02
1.437185929648241256e+01 -5.401300372297149210e-02
1.454773869346733761e+01 -6.528623804972925881e-02
1.472361809045226266e+01 -7.567873324459148399e-02
1.489949748743718771e+01 -8.320069503257371268e-02
1.507537688442211277e+01 -8.655215673498925510e-02
1.525125628140703782e+01 -8.725413671224205303e-02
1.542713567839196287e+01 -8.774828025949536758e-02
1.560301507537688792e+01 -8.880802781272492674e-02
1.577889447236180942e+01 -9.029775976190802800e-02
1.595477386934673447e+01 -9.234691689806409642e-02
1.613065326633165952e+01 -9.428620233599785405e-02
1.630653266331658457e+01 -9.430475395711969411e-02
1.648241206030150963e+01 -9.119150995645589064e-02
1.665829145728643468e+01 -8.532812813462602175e-02
1.683417085427135973e+01 -7.828209242381961586e-02
1.701005025125628123e+01 -7.253490908094147038e-02
1.718592964824120628e+01 -7.068319640214502930e-02
1.736180904522613133e+01 -7.329469889411961703e-02
1.753768844221105638e+01 -7.766237006455420366e-02
1.771356783919598143e+01 -8.003940438762886800e-02
1.788944723618090649e+01 -7.940568595525908380e-02
1.806532663316583154e+01 -7.764338733659509328e-02
1.824120603015075659e+01 -7.604707137963459540e-02
1.841708542713568164e+01 -7.408504104434489312e-02
1.859296482412060669e+01 -7.193462093827932002e-02
1.876884422110553174e+01 -7.188934790268250441e-02
1.894472361809045680e+01 -7.662137408117039583e-02
1.912060301507538185e+01 -8.658490298914930938e-02
1.929648241206030690e+01 -9.811522938390399018e-02
1.947236180904523195e+01 -1.043498384153810354e-01
1.964824120603014990e+01 -1.006884295352898501e-01
1.982412060301507495e+01 -8.952550771609993352e-02
2.000000000000000000e+01 -7.790771030330999325e-02
