-1.500000000000000000e+01 4.495287806642804334e-29
-1.482412060301507495e+01 1.374658977870222457e-26
-1.464824120603014990e+01 3.090973914812631247e-24
-1.447236180904522662e+01 5.112709722159094675e-22
-1.429648241206030157e+01 6.224649303460780299e-20
-1.412060301507537652e+01 5.582366491736889087e-18
-1.394472361809045147e+01 3.691452217261441319e-16
-1.376884422110552819e+01 1.802281614849417928e-14
-1.359296482412060314e+01 6.507878777674148130e-13
-1.341708542713567809e+01 1.741856897693266709e-11
-1.324120603015075304e+01 3.465610491677695163e-10
-1.306532663316582976e+01 5.144146267088567016e-09
-1.288944723618090471e+01 5.722561923301814839e-08
-1.271356783919597966e+01 4.798299497518047946e-07
-1.253768844221105461e+01 3.054359402479713129e-06
-1.236180904522613133e+01 1.489626397971131274e-05
-1.218592964824120628e+01 5.633528061806701364e-05
-1.201005025125628123e+01 1.678618435736133584e-04
-1.183417085427135618e+01 4.023845648690944671e-04
-1.165829145728643113e+01 7.964528081115147817e-04
-1.148241206030150785e+01 1.342128353920743131e-03
-1.130653266331658280e+01 1.991131456689634177e-03
-1.113065326633165775e+01 2.687960471473762897e-03
-1.095477386934673447e+01 3.393226082862748402e-03
-1.077889447236180942e+01 4.086125661004639392e-03
-1.060301507537688437e+01 4.770547852895992529e-03
-1.042713567839195932e+01 5.457024327934724070e-03
-1.025125628140703427e+01 6.121254381331219657e-03
-1.007537688442210921e+01 6.749652334369454949e-03
-9.899497487437185939e+00 7.400108246750928577e-03
-9.723618090452260887e+00 8.091548586889011838e-03
-9.547738693467337612e+00 8.721225815724577279e-03
-9.371859296482412560e+00 9.254081807004706922e-03
-9.195979899497487509e+00 9.849819481901271601e-03
-9.020100502512562457e+00 1.059452767709588052e-02
-8.844221105527637405e+00 1.128620923133440319e-02
-8.668341708542712354e+00 1.174769119244404268e-02
-8.492462311557787302e+00 1.217027405904853865e-02
-8.316582914572864027e+00 1.285664339382056216e-02
-8.140703517587938975e+00 1.373333190812566981e-02
-7.964824120603014812e+00 1.441814443283575414e-02
-7.788944723618089760e+00 1.477264573635893308e-02
-7.613065326633165597e+00 1.511089816416955403e-02
-7.437185929648240545e+00 1.581137243657139771e-02
-7.261306532663316382e+00 1.686962918833185068e-02
-7.085427135678391330e+00 1.785169311113054061e-02
-6.909547738693467167e+00 1.837003259045750028e-02
-6.733668341708542115e+00 1.866660830636215213e-02
-6.557788944723617064e+00 1.946264832629621480e-02
-6.381909547738692012e+00 2.106288975101035243e-02
-6.206030150753768737e+00 2.286519029614913698e-02
-6.030150753768843686e+00 2.394454278980661516e-02
-5.854271356783918634e+00 2.403006022858959756e-02
-5.678391959798993582e+00 2.378170193981849617e-02
-5.502512562814070307e+00 2.392816054122455169e-02
-5.326633165829145256e+00 2.425349730651430238e-02
-5.150753768844220204e+00 2.395129593325550504e-02
-4.974874371859295152e+00 2.287101579282230929e-02
-4.798994974874371877e+00 2.172550162737180851e-02
-4.623115577889446826e+00 2.107857892562020954e-02
-4.447236180904521774e+00 2.070193116016732365e-02
-4.271356783919596722e+00 2.008313683690069948e-02
-4.095477386934673447e+00 1.922217958238916710e-02
-3.919597989949748396e+00 1.859266034093995032e-02
-3.743718592964823344e+00 1.841051355582034796e-02
-3.567839195979898292e+00 1.835566327880288479e-02
-3.391959798994973241e+00 1.815218757028060417e-02
-3.216080402010049966e+00 1.792434998001984567e-02
-3.040201005025124914e+00 1.772469369676445486e-02
-2.864321608040199862e+00 1.742786211827161008e-02
-2.688442211055274811e+00 1.741375452618813477e-02
-2.512562814070351536e+00 1.863670606982389955e-02
-2.336683417085426484e+00 2.168791121646343120e-02
-2.160804020100501432e+00 2.601810762720170936e-02
-1.984924623115576381e+00 3.005664284291338292e-02
-1.809045226130653106e+00 3.221184753664001893e-02
-1.633165829145728054e+00 3.204577641160564344e-02
-1.457286432160803002e+00 3.026957674717702801e-02
-1.281407035175877951e+00 2.766096930941283616e-02
-1.105527638190954676e+00 2.466466242440955303e-02
-9.296482412060296241e-01 2.182860810102340773e-02
-7.537688442211045725e-01 1.969519981108108775e-02
-5.778894472361795209e-01 1.826565848777752729e-02
-4.020100502512544693e-01 1.708806372764945167e-02
-2.261306532663311941e-01 1.581532867954524649e-02
-5.025125628140614253e-02 1.446160379694375227e-02
1.256281407035189090e-01 1.328028367531866247e-02
3.015075376884439606e-01 1.251799761783255888e-02
4.773869346733672359e-01 1.212856899920455173e-02
6.532663316582922874e-01 1.179565801945736681e-02
8.291457286432173390e-01 1.135511700513393632e-02
1.005025125628140614e+00 1.092607026137335305e-02
1.180904522613065666e+00 1.062482874842443810e-02
1.356783919597990717e+00 1.046414189063504287e-02
1.532663316582915769e+00 1.039060643951483613e-02
1.708542713567840821e+00 1.020786026804173380e-02
1.884422110552765872e+00 9.715745867762496865e-03
2.060301507537690924e+00 9.065871713209862348e-03
2.236180904522615975e+00 8.669803986702010259e-03
2.412060301507537474e+00 8.626971877084541052e-03
2.587939698492462526e+00 8.594184054753217089e-03
2.763819095477387577e+00 8.311192070287756750e-03
2.939698492462312629e+00 7.871253027521230017e-03
3.115577889447237681e+00 7.449898072595940481e-03
3.291457286432162732e+00 7.125859718381386508e-03
3.467336683417087784e+00 6.947110837613215163e-03
3.643216080402012835e+00 6.906290399459886868e-03
3.819095477386934334e+00 6.849776377597575731e-03
3.994974874371859386e+00 6.564250686098184982e-03
4.170854271356784437e+00 6.035637924113765491e-03
4.346733668341709489e+00 5.547615750176693866e-03
4.522613065326634540e+00 5.365742952505937573e-03
4.698492462311559592e+00 5.393402661893985199e-03
4.874371859296484644e+00 5.327532547182535667e-03
5.050251256281409695e+00 5.042581050010371685e-03
5.226130653266334747e+00 4.651079435180795717e-03
5.402010050251256246e+00 4.318861126603712117e-03
5.577889447236181297e+00 4.135689574767730491e-03
5.753768844221106349e+00 4.066450876603129594e-03
5.929648241206031400e+00 3.985640734267057242e-03
6.105527638190956452e+00 3.805579308880575103e-03
6.281407035175881504e+00 3.550341360069808865e-03
6.457286432160806555e+00 3.297229323125357679e-03
6.633165829145731607e+00 3.092303768720227903e-03
6.809045226130653106e+00 2.922127451175706228e-03
6.984924623115578157e+00 2.742454654629819608e-03
7.160804020100503209e+00 2.525058737212825238e-03
7.336683417085428260e+00 2.276577330314564877e-03
7.512562814070353312e+00 2.025754415057853808e-03
7.688442211055278364e+00 1.799260403324548681e-03
7.864321608040203415e+00 1.606698285285484626e-03
8.040201005025128467e+00 1.439069137638844184e-03
8.216080402010053518e+00 1.273972403595356089e-03
8.391959798994975017e+00 1.095583002291769656e-03
8.567839195979900069e+00 9.112678208840276376e-04
8.743718592964825120e+00 7.362468464043582473e-04
8.919597989949750172e+00 5.746046542790588180e-04
9.095477386934675224e+00 4.248495232764297122e-04
9.271356783919600275e+00 2.897305220431631799e-04
9.447236180904525327e+00 1.765486319309462690e-04
9.623115577889450378e+00 9.300524988992088429e-05
9.798994974874371877e+00 4.116900050096000316e-05
9.974874371859296929e+00 1.496617781476872322e-05
1.015075376884422198e+01 4.377787779292234484e-06
1.032663316582914703e+01 1.010071820319633523e-06
1.050251256281407208e+01 1.804309443604847996e-07
1.067839195979899714e+01 2.456380033675433618e-08
1.085427135678392219e+01 2.518107649432196529e-09
1.103015075376884724e+01 1.927200509315891825e-10
1.120603015075377229e+01 1.094790973411942653e-11
1.138190954773869379e+01 4.597437743693504894e-13
1.155778894472361884e+01 7.463458252531419454e-15
1.173366834170854389e+01 -2.957778099204324910e-13
1.190954773869346894e+01 -9.544133383527922705e-12
1.208542713567839400e+01 -2.277550880562732832e-10
1.226130653266331905e+01 -4.038452279512311754e-09
1.243718592964824410e+01 -5.347259177788118118e-08
1.261306532663316915e+01 -5.321849139856137571e-07
1.278894472361809065e+01 -4.014299023474009163e-06
1.296482412060301570e+01 -2.317923255616671628e-05
1.314070351758794075e+01 -1.036260366231805355e-04
1.331658291457286580e+01 -3.632352273060592842e-04
1.349246231155779085e+01 -1.012536262683418281e-03
1.366834170854271591e+01 -2.282936791887783378e-03
1.384422110552764096e+01 -4.253393190231422906e-03
1.402010050251256601e+01 -6.730689944961981697e-03
1.419597989949749106e+01 -9.365758536484490582e-03
1.437185929648241256e+01 -1.193524552251125012e-02
1.454773869346733761e+01 -1.442797333458878568e-02
1.472361809045226266e+01 -1.672572513623109269e-02
1.489949748743718771e+01 -1.838943544072156946e-02
1.507537688442211277e+01 -1.913220894495445273e-02
1.525125628140703782e+01 -1.929039633989117902e-02
1.542713567839196287e+01 -1.940407338890384401e-02
1.560301507537688792e+01 -1.964195357706176662e-02
1.577889447236180942e+01 -1.996748370354419974e-02
1.595477386934673447e+01 -2.040656055761146115e-02
1.613065326633165952e+01 -2.081985778066468978e-02
1.630653266331658457e+01 -2.081659339313312804e-02
1.648241206030150963e+01 -2.012579619506304346e-02
1.665829145728643468e+01 -1.882252960168973380e-02
1.683417085427135973e+01 -1.725240330501353475e-02
1.701005025125628123e+01 -1.597119072579930230e-02
1.718592964824120628e+01 -1.555931719803708632e-02
1.736180904522613133e+01 -1.614657690627359019e-02
1.753768844221105638e+01 -1.714173878001327977e-02
1.771356783919598143e+01 -1.772702440418762182e-02
1.788944723618090649e+01 -1.768315820237087790e-02
1.806532663316583154e+01 -1.741838948907711501e-02
1.824120603015075659e+01 -1.719237268804707508e-02
1.841708542713568164e+01 -1.684817208201760952e-02
1.859296482412060669e+01 -1.639449692026309982e-02
1.876884422110553174e+01 -1.634528597160156763e-02
1.894472361809045680e+01 -1.733494380034022314e-02
1.912060301507538185e+01 -1.950151521581014111e-02
1.929648241206030690e+01 -2.202720700281669483e-02
1.947236180904523195e+01 -2.335444787909831538e-02
1.964824120603014990e+01 -2.244545611781896197e-02
1.982412060301507495e+01 -1.986090679604091136e-02
2.000000000000000000e+01 -1.721877561372444146e-02
