-1.500000000000000000e+01 1.324356895311081830e-30
-1.482412060301507495e+01 4.038663164002457559e-28
-1.464824120603014990e+01 9.073394244911461574e-26
-1.447236180904522662e+01 1.503402118710596549e-23
-1.429648241206030157e+01 1.839738166371804644e-21
-1.412060301507537652e+01 1.665593125850595343e-19
-1.394472361809045147e+01 1.118017857124180545e-17
-1.376884422110552819e+01 5.578611312833961802e-16
-1.359296482412060314e+01 2.075545539357414641e-14
-1.341708542713567809e+01 5.778127417252522042e-13
-1.324120603015075304e+01 1.208294814506538546e-11
-1.306532663316582976e+01 1.905947908405568957e-10
-1.288944723618090471e+01 2.278132947929820023e-09
-1.271356783919597966e+01 2.074064334318754383e-08
-1.253768844221105461e+01 1.447461366468688791e-07
-1.236180904522613133e+01 7.809368329629455940e-07
-1.218592964824120628e+01 3.295191262121625124e-06
-1.201005025125628123e+01 1.104184880343336238e-05
-1.183417085427135618e+01 2.994114068699460634e-05
-1.165829145728643113e+01 6.714640290272140977e-05
-1.148241206030150785e+01 1.276883940689814813e-04
-1.130653266331658280e+01 2.118351238603444870e-04
-1.113065326633165775e+01 3.155182536245811184e-04
-1.095477386934673447e+01 4.319805868666839869e-04
-1.077889447236180942e+01 5.544897349289033481e-04
-1.060301507537688437e+01 6.809467399641856104e-04
-1.042713567839195932e+01 8.101048417959265521e-04
-1.025125628140703427e+01 9.330592068041898470e-04
-1.007537688442210921e+01 1.046023493227940353e-03
-9.899497487437185939e+00 1.162299598627533062e-03
-9.723618090452260887e+00 1.283062280391634568e-03
-9.547738693467337612e+00 1.381793313557639355e-03
-9.371859296482412560e+00 1.453047672449102323e-03
-9.195979899497487509e+00 1.535332474560129404e-03
-9.020100502512562457e+00 1.643140935141556604e-03
-8.844221105527637405e+00 1.725947030072497905e-03
-8.668341708542712354e+00 1.745808519362667408e-03
-8.492462311557787302e+00 1.749329437439039407e-03
-8.316582914572864027e+00 1.803923600301623109e-03
-8.140703517587938975e+00 1.887775207207622544e-03
-7.964824120603014812e+00 1.907735416770113676e-03
-7.788944723618089760e+00 1.832165255416469624e-03
-7.613065326633165597e+00 1.741118784419053633e-03
-7.437185929648240545e+00 1.716381799027933775e-03
-7.261306532663316382e+00 1.727311698002207503e-03
-7.085427135678391330e+00 1.659634241510789124e-03
-6.909547738693467167e+00 1.442968749800256374e-03
-6.733668341708542115e+00 1.121205196416671674e-03
-6.557788944723617064e+00 7.826370280375397189e-04
-6.381909547738692012e+00 4.367386175315232503e-04
-6.206030150753768737e+00 1.542284709091692788e-05
-6.030150753768843686e+00 -4.777564532821285451e-04
-5.854271356783918634e+00 -8.981698418349589328e-04
-5.678391959798993582e+00 -1.100870171899767094e-03
-5.502512562814070307e+00 -1.086192717845718128e-03
-5.326633165829145256e+00 -9.607882609483996790e-04
-5.150753768844220204e+00 -8.234688099568766850e-04
-4.974874371859295152e+00 -7.267247486216181366e-04
-4.798994974874371877e+00 -6.829583297920441536e-04
-4.623115577889446826e+00 -6.644579400350426705e-04
-4.447236180904521774e+00 -6.194573574138766137e-04
-4.271356783919596722e+00 -4.824463072300880857e-04
-4.095477386934673447e+00 -1.434495687034161753e-04
-3.919597989949748396e+00 5.718120481675414545e-04
-3.743718592964823344e+00 1.833822927771867287e-03
-3.567839195979898292e+00 3.668822333307960194e-03
-3.391959798994973241e+00 5.884461111102967656e-03
-3.216080402010049966e+00 8.162757082548955170e-03
-3.040201005025124914e+00 1.024850345651616076e-02
-2.864321608040199862e+00 1.210349453681854731e-02
-2.688442211055274811e+00 1.390766391648547672e-02
-2.512562814070351536e+00 1.583648303041795824e-02
-2.336683417085426484e+00 1.781081456816091188e-02
-2.160804020100501432e+00 1.954663559496434139e-02
-1.984924623115576381e+00 2.077394999938414477e-02
-1.809045226130653106e+00 2.125306910494654047e-02
-1.633165829145728054e+00 2.074581482538298202e-02
-1.457286432160803002e+00 1.925445491536818474e-02
-1.281407035175877951e+00 1.726215167797576569e-02
-1.105527638190954676e+00 1.548365206126962011e-02
-9.296482412060296241e-01 1.425380929044942416e-02
-7.537688442211045725e-01 1.334498723071130162e-02
-5.778894472361795209e-01 1.250656020294655703e-02
-4.020100502512544693e-01 1.190375248322783110e-02
-2.261306532663311941e-01 1.188181764343607637e-02
-5.025125628140614253e-02 1.266963979849296089e-02
1.256281407035189090e-01 1.453494054945287176e-02
3.015075376884439606e-01 1.783050024805813566e-02
4.773869346733672359e-01 2.247975998523059349e-02
6.532663316582922874e-01 2.762859481831830138e-02
8.291457286432173390e-01 3.212309646321467177e-02
1.005025125628140614e+00 3.519507323199375093e-02
1.180904522613065666e+00 3.676323115439474043e-02
1.356783919597990717e+00 3.746202170576368867e-02
1.532663316582915769e+00 3.806991620061590809e-02
1.708542713567840821e+00 3.856649615185633179e-02
1.884422110552765872e+00 3.844761061984503653e-02
2.060301507537690924e+00 3.817520868327944905e-02
2.236180904522615975e+00 3.905389092571631693e-02
2.412060301507537474e+00 4.128403578109435951e-02
2.587939698492462526e+00 4.366349468851195986e-02
2.763819095477387577e+00 4.567203714816019805e-02
2.939698492462312629e+00 4.818302125706728362e-02
3.115577889447237681e+00 5.161098704487936811e-02
3.291457286432162732e+00 5.494499392053673464e-02
3.467336683417087784e+00 5.722161466460073259e-02
3.643216080402012835e+00 5.861963501013177369e-02
3.819095477386934334e+00 5.929645563873801178e-02
3.994974874371859386e+00 5.837382077106828548e-02
4.170854271356784437e+00 5.548201650458862294e-02
4.346733668341709489e+00 5.229335455065739491e-02
4.522613065326634540e+00 5.063975582232047024e-02
4.698492462311559592e+00 5.000242678754758530e-02
4.874371859296484644e+00 4.868944041908578046e-02
5.050251256281409695e+00 4.635855204389099926e-02
5.226130653266334747e+00 4.384795666113348866e-02
5.402010050251256246e+00 4.175329704020563221e-02
5.577889447236181297e+00 4.020190560483889730e-02
5.753768844221106349e+00 3.903144233007586200e-02
5.929648241206031400e+00 3.774596485515492594e-02
6.105527638190956452e+00 3.594419959862520109e-02
6.281407035175881504e+00 3.375788561239251306e-02
6.457286432160806555e+00 3.148307537284224245e-02
6.633165829145731607e+00 2.905092461433697940e-02
6.809045226130653106e+00 2.614859823399279248e-02
6.984924623115578157e+00 2.268482299761024126e-02
7.160804020100503209e+00 1.895792695113100029e-02
7.336683417085428260e+00 1.544584104429889797e-02
7.512562814070353312e+00 1.251068476891858960e-02
7.688442211055278364e+00 1.022108498529025918e-02
7.864321608040203415e+00 8.416191221138090428e-03
8.040201005025128467e+00 6.913732079901550344e-03
8.216080402010053518e+00 5.595498390534656662e-03
8.391959798994975017e+00 4.407524558777892350e-03
8.567839195979900069e+00 3.371687060873838470e-03
8.743718592964825120e+00 2.517581996841334810e-03
8.919597989949750172e+00 1.818840368067680237e-03
9.095477386934675224e+00 1.240139709323372736e-03
9.271356783919600275e+00 7.776593383538253071e-04
9.447236180904525327e+00 4.374844548669978828e-04
9.623115577889450378e+00 2.147422498892137576e-04
9.798994974874371877e+00 8.954869739591670851e-05
9.974874371859296929e+00 3.104366041309459330e-05
1.015075376884422198e+01 8.777020438477198684e-06
1.032663316582914703e+01 1.983478526485512903e-06
1.050251256281407208e+01 3.508362947581676372e-07
1.067839195979899714e+01 4.765243554975930154e-08
1.085427135678392219e+01 4.895478272912039799e-09
1.103015075376884724e+01 3.763066644020714582e-10
1.120603015075377229e+01 2.148828428475786259e-11
1.138190954773869379e+01 9.073703116565708002e-13
1.155778894472361884e+01 2.841538986400050343e-14
1.173366834170854389e+01 7.735076658190692359e-15
1.190954773869346894e+01 2.263707137216550708e-13
1.208542713567839400e+01 5.329175558976007411e-12
1.226130653266331905e+01 9.264267057151841359e-11
1.243718592964824410e+01 1.191877565900418597e-09
1.261306532663316915e+01 1.138104377291918890e-08
1.278894472361809065e+01 8.094019881197398796e-08
1.296482412060301570e+01 4.301945623571093498e-07
1.314070351758794075e+01 1.711200504792192592e-06
1.331658291457286580e+01 5.061020133987417215e-06
1.349246231155779085e+01 1.075488131944828354e-05
1.366834170854271591e+01 1.403008859719191794e-05
1.384422110552764096e+01 -1.363509000118666547e-06
1.402010050251256601e+01 -6.805951930270972747e-05
1.419597989949749106e+01 -2.337709002491757766e-04
1.437185929648241256e+01 -5.519636202004996137e-04
1.454773869346733761e+01 -1.065794451317965321e-03
1.472361809045226266e+01 -1.792952790353787408e-03
1.489949748743718771e+01 -2.728178492629268915e-03
1.507537688442211277e+01 -3.860196311651975260e-03
1.525125628140703782e+01 -5.167448495881787722e-03
1.542713567839196287e+01 -6.600711124119353242e-03
1.560301507537688792e+01 -8.120439919653344926e-03
1.577889447236180942e+01 -9.773199983003889868e-03
1.595477386934673447e+01 -1.167396965048336614e-02
1.613065326633165952e+01 -1.386441977226528927e-02
1.630653266331658457e+01 -1.622861671442436815e-02
1.648241206030150963e+01 -1.862834966696093331e-02
1.665829145728643468e+01 -2.110836528650495564e-02
1.683417085427135973e+01 -2.386164328975012155e-02
1.701005025125628123e+01 -2.706599076550697189e-02
1.718592964824120628e+01 -3.091639602598526132e-02
1.736180904522613133e+01 -3.561817535223145426e-02
1.753768844221105638e+01 -4.100342643317183428e-02
1.771356783919598143e+01 -4.616054589385536200e-02
1.788944723618090649e+01 -4.980260236944705765e-02
1.806532663316583154e+01 -5.114502590311082592e-02
1.824120603015075659e+01 -5.003542968621706860e-02
1.841708542713568164e+01 -4.655095737677319295e-02
1.859296482412060669e+01 -4.160509209501084271e-02
1.876884422110553174e+01 -3.755215737854482316e-02
1.894472361809045680e+01 -3.661783182975503897e-02
1.912060301507538185e+01 -3.862641060589153824e-02
1.929648241206030690e+01 -4.107575857216263365e-02
1.947236180904523195e+01 -4.153306839088719699e-02
1.964824120603014990e+01 -3.978205305716979445e-02
1.982412060301507495e+01 -3.754981662493617894e-02
2.000000000000000000e+01 -3.634377304907659978e-02
