-1.500000000000000000e+01 4.509024317179528153e-27
-1.482412060301507495e+01 1.221665237666364426e-24
-1.464824120603014990e+01 2.443660749575327756e-22
-1.447236180904522662e+01 3.610746962023425783e-20
-1.429648241206030157e+01 3.943524264201946034e-18
-1.412060301507537652e+01 3.185584427408074116e-16
-1.394472361809045147e+01 1.904715740979887570e-14
-1.376884422110552819e+01 8.436827223810791879e-13
-1.359296482412060314e+01 2.771328065918496425e-11
-1.341708542713567809e+01 6.759728144378455962e-10
-1.324120603015075304e+01 1.226456975791758122e-08
-1.306532663316582976e+01 1.659042938370929679e-07
-1.288944723618090471e+01 1.678397032818223584e-06
-1.271356783919597966e+01 1.275238569947991360e-05
-1.253768844221105461e+01 7.318632333602074558e-05
-1.236180904522613133e+01 3.197415100043283337e-04
-1.218592964824120628e+01 1.074910555254263459e-03
-1.201005025125628123e+01 2.822675095317934719e-03
-1.183417085427135618e+01 5.911746338611831124e-03
-1.165829145728643113e+01 1.015663169409954970e-02
-1.148241206030150785e+01 1.483153366749885745e-02
-1.130653266331658280e+01 1.916923072093804775e-02
-1.113065326633165775e+01 2.281975930190653645e-02
-1.095477386934673447e+01 2.582269688424891282e-02
-1.077889447236180942e+01 2.832305025308118340e-02
-1.060301507537688437e+01 3.048828584706734374e-02
-1.042713567839195932e+01 3.247593428890493267e-02
-1.025125628140703427e+01 3.422717186060284661e-02
-1.007537688442210921e+01 3.565181163037650647e-02
-9.899497487437185939e+00 3.701807774345620278e-02
-9.723618090452260887e+00 3.850115720443013367e-02
-9.547738693467337612e+00 3.968091117543685875e-02
-9.371859296482412560e+00 4.031485895490583699e-02
-9.195979899497487509e+00 4.102365304541427671e-02
-9.020100502512562457e+00 4.226586528759854883e-02
-8.844221105527637405e+00 4.334240116448467156e-02
-8.668341708542712354e+00 4.349394425963366839e-02
-8.492462311557787302e+00 4.329772045139621689e-02
-8.316582914572864027e+00 4.387492936363849433e-02
-8.140703517587938975e+00 4.512171211167749496e-02
-7.964824120603014812e+00 4.578801811890901435e-02
-7.788944723618089760e+00 4.531447969028048334e-02
-7.613065326633165597e+00 4.461442325210752263e-02
-7.437185929648240545e+00 4.485682410445999274e-02
-7.261306532663316382e+00 4.609538050069415110e-02
-7.085427135678391330e+00 4.718884124934498436e-02
-6.909547738693467167e+00 4.710466115660521397e-02
-6.733668341708542115e+00 4.638689691088125622e-02
-6.557788944723617064e+00 4.676861669050871168e-02
-6.381909547738692012e+00 4.904127997005573725e-02
-6.206030150753768737e+00 5.186727117131829240e-02
-6.030150753768843686e+00 5.294370950821240124e-02
-5.854271356783918634e+00 5.117270322406854144e-02
-5.678391959798993582e+00 4.767480213429214908e-02
-5.502512562814070307e+00 4.435129062480496626e-02
-5.326633165829145256e+00 4.153111555442375036e-02
-5.150753768844220204e+00 3.804115735554701450e-02
-4.974874371859295152e+00 3.346075560203293914e-02
-4.798994974874371877e+00 2.887725599211928354e-02
-4.623115577889446826e+00 2.533112642721686153e-02
-4.447236180904521774e+00 2.262502676812725225e-02
-4.271356783919596722e+00 1.989526029873325830e-02
-4.095477386934673447e+00 1.673887454201439945e-02
-3.919597989949748396e+00 1.341162167335473859e-02
-3.743718592964823344e+00 1.016238789637024555e-02
-3.567839195979898292e+00 6.854813525939648135e-03
-3.391959798994973241e+00 3.361491667921266344e-03
-3.216080402010049966e+00 -5.607733504018268229e-05
-3.040201005025124914e+00 -3.036264175372345876e-03
-2.864321608040199862e+00 -5.539820194090280293e-03
-2.688442211055274811e+00 -7.814673865237728098e-03
-2.512562814070351536e+00 -1.014134072591101401e-02
-2.336683417085426484e+00 -1.265457537417350418e-02
-2.160804020100501432e+00 -1.522489518079362010e-02
-1.984924623115576381e+00 -1.744121182501739975e-02
-1.809045226130653106e+00 -1.882874530939913568e-02
-1.633165829145728054e+00 -1.919783760743810561e-02
-1.457286432160803002e+00 -1.871008085966929455e-02
-1.281407035175877951e+00 -1.763910645364654903e-02
-1.105527638190954676e+00 -1.629488885512710844e-02
-9.296482412060296241e-01 -1.507420781966542674e-02
-7.537688442211045725e-01 -1.425553289007695096e-02
-5.778894472361795209e-01 -1.376553636514253783e-02
-4.020100502512544693e-01 -1.331024287543420073e-02
-2.261306532663311941e-01 -1.268216809795975376e-02
-5.025125628140614253e-02 -1.188470284166505062e-02
1.256281407035189090e-01 -1.109335450402941514e-02
3.015075376884439606e-01 -1.052445188817070949e-02
4.773869346733672359e-01 -1.017098452823761781e-02
6.532663316582922874e-01 -9.770292737883202322e-03
8.291457286432173390e-01 -9.191465405496210619e-03
1.005025125628140614e+00 -8.600272924884331399e-03
1.180904522613065666e+00 -8.187276789725687898e-03
1.356783919597990717e+00 -7.995388766445496453e-03
1.532663316582915769e+00 -7.914837184102982079e-03
1.708542713567840821e+00 -7.691258017825687403e-03
1.884422110552765872e+00 -7.146551257741484524e-03
2.060301507537690924e+00 -6.485588902883524486e-03
2.236180904522615975e+00 -6.123342983873246263e-03
2.412060301507537474e+00 -6.121014285912515160e-03
2.587939698492462526e+00 -6.110387906787976414e-03
2.763819095477387577e+00 -5.816603786367723593e-03
2.939698492462312629e+00 -5.296165606905781087e-03
3.115577889447237681e+00 -4.731978630678307721e-03
3.291457286432162732e+00 -4.333995703838224890e-03
3.467336683417087784e+00 -4.257095992433988091e-03
3.643216080402012835e+00 -4.362131444084584204e-03
3.819095477386934334e+00 -4.277150553080497596e-03
3.994974874371859386e+00 -3.828678020894162558e-03
4.170854271356784437e+00 -3.242753482618076274e-03
4.346733668341709489e+00 -2.871965268030339438e-03
4.522613065326634540e+00 -2.818142732130048036e-03
4.698492462311559592e+00 -2.877849086179864058e-03
4.874371859296484644e+00 -2.811659992459447730e-03
5.050251256281409695e+00 -2.557478571684250034e-03
5.226130653266334747e+00 -2.209579437657570051e-03
5.402010050251256246e+00 -1.905834878643845312e-03
5.577889447236181297e+00 -1.726375947189128174e-03
5.753768844221106349e+00 -1.654109234944398966e-03
5.929648241206031400e+00 -1.619022645544118720e-03
6.105527638190956452e+00 -1.550233427775626590e-03
6.281407035175881504e+00 -1.394439170533498485e-03
6.457286432160806555e+00 -1.145659307006401031e-03
6.633165829145731607e+00 -8.693548595532202923e-04
6.809045226130653106e+00 -6.605365970710306168e-04
6.984924623115578157e+00 -5.763557383145469443e-04
7.160804020100503209e+00 -5.947459825967348112e-04
7.336683417085428260e+00 -6.090855871932047451e-04
7.512562814070353312e+00 -5.140540289856021213e-04
7.688442211055278364e+00 -3.297315373009033048e-04
7.864321608040203415e+00 -1.798342910142451722e-04
8.040201005025128467e+00 -1.433125755119225007e-04
8.216080402010053518e+00 -1.853954270664042228e-04
8.391959798994975017e+00 -2.161344924979663603e-04
8.567839195979900069e+00 -1.779946806083193003e-04
8.743718592964825120e+00 -9.154760175139256681e-05
8.919597989949750172e+00 -2.171682171041882766e-05
9.095477386934675224e+00 -1.622590528091880293e-06
9.271356783919600275e+00 -1.112286609674876071e-05
9.447236180904525327e+00 -1.915350449710847801e-05
9.623115577889450378e+00 -1.627481433645531063e-05
9.798994974874371877e+00 -8.921116652002254662e-06
9.974874371859296929e+00 -3.431355420671681403e-06
1.015075376884422198e+01 -9.541564165190156115e-07
1.032663316582914703e+01 -1.936418441583265227e-07
1.050251256281407208e+01 -2.871159081354524254e-08
1.067839195979899714e+01 -3.101206735827342656e-09
1.085427135678392219e+01 -2.426615920401948322e-10
1.103015075376884724e+01 -1.363525064805054134e-11
1.120603015075377229e+01 -5.422966094358444081e-13
1.138190954773869379e+01 -1.468057153610691301e-14
1.155778894472361884e+01 1.027631754982919599e-14
1.173366834170854389e+01 4.608769642633047231e-13
1.190954773869346894e+01 1.488272286331812914e-11
1.208542713567839400e+01 3.558156787536037420e-10
1.226130653266331905e+01 6.320563295028802258e-09
1.243718592964824410e+01 8.382565297870769364e-08
1.261306532663316915e+01 8.353728347692517170e-07
1.278894472361809065e+01 6.307201205790761552e-06
1.296482412060301570e+01 3.644209213499639035e-05
1.314070351758794075e+01 1.630164433794343084e-04
1.331658291457286580e+01 5.719169980756300684e-04
1.349246231155779085e+01 1.596144408646853197e-03
1.366834170854271591e+01 3.601514586008990569e-03
1.384422110552764096e+01 6.702573089688934962e-03
1.402010050251256601e+01 1.056233178920396726e-02
1.419597989949749106e+01 1.459289926297221984e-02
1.437185929648241256e+01 1.841905416620147340e-02
1.454773869346733761e+01 2.202098475984537798e-02
1.472361809045226266e+01 2.532936502743244472e-02
1.489949748743718771e+01 2.788431499297069210e-02
1.507537688442211277e+01 2.914939962802217538e-02
1.525125628140703782e+01 2.901473935148121339e-02
1.542713567839196287e+01 2.772134200643239232e-02
1.560301507537688792e+01 2.549540311710906879e-02
1.577889447236180942e+01 2.260285591503739117e-02
1.595477386934673447e+01 1.956228618745960504e-02
1.613065326633165952e+01 1.678591752972416473e-02
1.630653266331658457e+01 1.402830267119456638e-02
1.648241206030150963e+01 1.078047723702649403e-02
1.665829145728643468e+01 7.307445138823484912e-03
1.683417085427135973e+01 4.653618848440262482e-03
1.701005025125628123e+01 3.294626982603634461e-03
1.718592964824120628e+01 2.239525685798801884e-03
1.736180904522613133e+01 2.615533216241690506e-05
1.753768844221105638e+01 -3.602591057561242704e-03
1.771356783919598143e+01 -7.864636922274429939e-03
1.788944723618090649e+01 -1.274097495338703465e-02
1.806532663316583154e+01 -1.918704448515828540e-02
1.824120603015075659e+01 -2.694835249498635579e-02
1.841708542713568164e+01 -3.360084922472947322e-02
1.859296482412060669e+01 -3.687160964337059255e-02
1.876884422110553174e+01 -3.710235729461776322e-02
1.894472361809045680e+01 -3.652826861844973849e-02
1.912060301507538185e+01 -3.654724949609858276e-02
1.929648241206030690e+01 -3.631153903781202813e-02
1.947236180904523195e+01 -3.401225872619387247e-02
1.964824120603014990e+01 -2.932204926978651885e-02
1.982412060301507495e+01 -2.415258212609071309e-02
2.000000000000000000e+01 -2.116943503503900675e-02
