-1.500000000000000000e+01 7.873012199775018444e-31
-1.482412060301507495e+01 2.389572378218355338e-28
-1.464824120603014990e+01 5.336918303523863312e-26
-1.447236180904522662e+01 8.778454631692472069e-24
-1.429648241206030157e+01 1.064607443928689765e-21
-1.412060301507537652e+01 9.533416220409712245e-20
-1.394472361809045147e+01 6.315948038587071958e-18
-1.376884422110552819e+01 3.103478065632588395e-16
-1.359296482412060314e+01 1.134639196720658181e-14
-1.341708542713567809e+01 3.098600718270810752e-13
-1.324120603015075304e+01 6.350390489505335255e-12
-1.306532663316582976e+01 9.819686229324110297e-11
-1.288944723618090471e+01 1.152559980814760198e-09
-1.271356783919597966e+01 1.033641364826478291e-08
-1.253768844221105461e+01 7.135895459700278651e-08
-1.236180904522613133e+01 3.825947428761401058e-07
-1.218592964824120628e+01 1.610836477929985817e-06
-1.201005025125628123e+01 5.401035646629355185e-06
-1.183417085427135618e+01 1.467124750955742274e-05
-1.165829145728643113e+01 3.294415577282453205e-05
-1.148241206030150785e+01 6.261830208509404317e-05
-1.130653266331658280e+01 1.036107810001747620e-04
-1.113065326633165775e+01 1.537757905251586638e-04
-1.095477386934673447e+01 2.100027177583155507e-04
-1.077889447236180942e+01 2.690352708954395320e-04
-1.060301507537688437e+01 3.291748626726667031e-04
-1.042713567839195932e+01 3.898395225566105645e-04
-1.025125628140703427e+01 4.479304053387501159e-04
-1.007537688442210921e+01 5.009078194868482603e-04
-9.899497487437185939e+00 5.528883704199846934e-04
-9.723618090452260887e+00 6.062518959600759127e-04
-9.547738693467337612e+00 6.525391245495476989e-04
-9.371859296482412560e+00 6.866864090735912357e-04
-9.195979899497487509e+00 7.200450815946820692e-04
-9.020100502512562457e+00 7.611001029792139293e-04
-8.844221105527637405e+00 7.959276147148162516e-04
-8.668341708542712354e+00 8.085811444284211023e-04
-8.492462311557787302e+00 8.095745004100086484e-04
-8.316582914572864027e+00 8.223891979546214207e-04
-8.140703517587938975e+00 8.454097023673885162e-04
-7.964824120603014812e+00 8.494216005626731032e-04
-7.788944723618089760e+00 8.193902201512571690e-04
-7.613065326633165597e+00 7.766305194063409046e-04
-7.437185929648240545e+00 7.474973685888961286e-04
-7.261306532663316382e+00 7.257868217851069434e-04
-7.085427135678391330e+00 6.765423050518424306e-04
-6.909547738693467167e+00 5.718733915593525192e-04
-6.733668341708542115e+00 4.159674934930325681e-04
-6.557788944723617064e+00 2.295018402752433307e-04
-6.381909547738692012e+00 1.415913784504208023e-05
-6.206030150753768737e+00 -2.418583238617179484e-04
-6.030150753768843686e+00 -5.109511783294430577e-04
-5.854271356783918634e+00 -7.170865876767108143e-04
-5.678391959798993582e+00 -8.078983419142750323e-04
-5.502512562814070307e+00 -8.019857146144097068e-04
-5.326633165829145256e+00 -7.454560491999888362e-04
-5.150753768844220204e+00 -6.650517463424416784e-04
-4.974874371859295152e+00 -5.815031951316057849e-04
-4.798994974874371877e+00 -5.204899851212757425e-04
-4.623115577889446826e+00 -4.867502103094348384e-04
-4.447236180904521774e+00 -4.515452421462986458e-04
-4.271356783919596722e+00 -3.647623166613217591e-04
-4.095477386934673447e+00 -1.569670479933663780e-04
-3.919597989949748396e+00 2.646200216535949030e-04
-3.743718592964823344e+00 9.858241221785927089e-04
-3.567839195979898292e+00 2.014135049232171522e-03
-3.391959798994973241e+00 3.237784729994289470e-03
-3.216080402010049966e+00 4.478295879400642776e-03
-3.040201005025124914e+00 5.596080092943555434e-03
-2.864321608040199862e+00 6.572011738837795630e-03
-2.688442211055274811e+00 7.505972670124635114e-03
-2.512562814070351536e+00 8.499741957376264964e-03
-2.336683417085426484e+00 9.520663588138723876e-03
-2.160804020100501432e+00 1.042033934597804204e-02
-1.984924623115576381e+00 1.105257618030023800e-02
-1.809045226130653106e+00 1.129057780333728514e-02
-1.633165829145728054e+00 1.101179611719405732e-02
-1.457286432160803002e+00 1.021812639716756371e-02
-1.281407035175877951e+00 9.162250701465429401e-03
-1.105527638190954676e+00 8.219312247203689262e-03
-9.296482412060296241e-01 7.564089481408214043e-03
-7.537688442211045725e-01 7.074110712510988351e-03
-5.778894472361795209e-01 6.617301413609338531e-03
-4.020100502512544693e-01 6.281949154637645784e-03
-2.261306532663311941e-01 6.243087560885419302e-03
-5.025125628140614253e-02 6.603098721072551448e-03
1.256281407035189090e-01 7.483587029747268762e-03
3.015075376884439606e-01 9.063462990035015335e-03
4.773869346733672359e-01 1.131708210853576112e-02
6.532663316582922874e-01 1.382750868351305916e-02
8.291457286432173390e-01 1.601955005033167331e-02
1.005025125628140614e+00 1.750727059640223848e-02
1.180904522613065666e+00 1.825321908431089268e-02
1.356783919597990717e+00 1.857920561698951992e-02
1.532663316582915769e+00 1.886992833320532553e-02
1.708542713567840821e+00 1.910886828532885884e-02
1.884422110552765872e+00 1.904888967963646804e-02
2.060301507537690924e+00 1.892482010011993510e-02
2.236180904522615975e+00 1.937609878246089254e-02
2.412060301507537474e+00 2.049188844927856898e-02
2.587939698492462526e+00 2.168387822106378898e-02
2.763819095477387577e+00 2.270874542144755981e-02
2.939698492462312629e+00 2.399667843760608377e-02
3.115577889447237681e+00 2.573897870779307331e-02
3.291457286432162732e+00 2.742903066647155511e-02
3.467336683417087784e+00 2.859101500449050606e-02
3.643216080402012835e+00 2.931133674686456358e-02
3.819095477386934334e+00 2.966377236751846155e-02
3.994974874371859386e+00 2.921310745384565408e-02
4.170854271356784437e+00 2.778007235105629455e-02
4.346733668341709489e+00 2.619694547739167406e-02
4.522613065326634540e+00 2.536872767344441199e-02
4.698492462311559592e+00 2.503123973796483534e-02
4.874371859296484644e+00 2.434845093018124171e-02
5.050251256281409695e+00 2.316437049228011955e-02
5.226130653266334747e+00 2.190116117001647197e-02
5.402010050251256246e+00 2.084573764664549023e-02
5.577889447236181297e+00 2.005152467268235539e-02
5.753768844221106349e+00 1.943936861615744652e-02
5.929648241206031400e+00 1.877175665272839619e-02
6.105527638190956452e+00 1.785448245856077407e-02
6.281407035175881504e+00 1.675034546652785783e-02
6.457286432160806555e+00 1.560299664007456025e-02
6.633165829145731607e+00 1.438126925001052825e-02
6.809045226130653106e+00 1.293507113214494020e-02
6.984924623115578157e+00 1.121899646352014258e-02
7.160804020100503209e+00 9.376656212630837123e-03
7.336683417085428260e+00 7.641526217065115062e-03
7.512562814070353312e+00 6.191965945458764026e-03
7.688442211055278364e+00 5.061575699690461401e-03
7.864321608040203415e+00 4.169938740489859304e-03
8.040201005025128467e+00 3.426351384851350230e-03
8.216080402010053518e+00 2.772631691061039350e-03
8.391959798994975017e+00 2.182854024029927485e-03
8.567839195979900069e+00 1.668663088102168924e-03
8.743718592964825120e+00 1.245254683260629391e-03
8.919597989949750172e+00 8.996424174417303561e-04
9.095477386934675224e+00 6.138742382347219190e-04
9.271356783919600275e+00 3.854013693357404360e-04
9.447236180904525327e+00 2.169834696698250240e-04
9.623115577889450378e+00 1.064671320181515739e-04
9.798994974874371877e+00 4.431850662603996664e-05
9.974874371859296929e+00 1.532027752226889747e-05
1.015075376884422198e+01 4.317454996836549613e-06
1.032663316582914703e+01 9.726968168172535045e-07
1.050251256281407208e+01 1.716147609656547182e-07
1.067839195979899714e+01 2.326460377114949828e-08
1.085427135678392219e+01 2.386644845075487588e-09
1.103015075376884724e+01 1.832654278804657079e-10
1.120603015075377229e+01 1.045679170003839088e-11
1.138190954773869379e+01 4.412789609106578981e-13
1.155778894472361884e+01 1.382311614151898676e-14
1.173366834170854389e+01 4.238920503243928343e-15
1.190954773869346894e+01 1.255171896743076735e-13
1.208542713567839400e+01 2.961205024689552832e-12
1.226130653266331905e+01 5.164115595175682715e-11
1.243718592964824410e+01 6.675240383020158462e-10
1.261306532663316915e+01 6.418977791523606278e-09
1.278894472361809065e+01 4.612925522963568200e-08
1.296482412060301570e+01 2.490193447203056399e-07
1.314070351758794075e+01 1.014257695619470486e-06
1.331658291457286580e+01 3.116290762352491781e-06
1.349246231155779085e+01 7.106933593826541397e-06
1.366834170854271591e+01 1.116550041191565615e-05
1.384422110552764096e+01 7.598370894356860531e-06
1.402010050251256601e+01 -1.986175779059027918e-05
1.419597989949749106e+01 -9.524045015317686273e-05
1.437185929648241256e+01 -2.452074513231217775e-04
1.454773869346733761e+01 -4.911508047995528318e-04
1.472361809045226266e+01 -8.424818859953181948e-04
1.489949748743718771e+01 -1.297956078195926146e-03
1.507537688442211277e+01 -1.852705749397568153e-03
1.525125628140703782e+01 -2.496174989641641515e-03
1.542713567839196287e+01 -3.206129106125458518e-03
1.560301507537688792e+01 -3.967808606854330428e-03
1.577889447236180942e+01 -4.808352036148855722e-03
1.595477386934673447e+01 -5.785932711731326360e-03
1.613065326633165952e+01 -6.921625034873382654e-03
1.630653266331658457e+01 -8.158826690929134318e-03
1.648241206030150963e+01 -9.429773195251135373e-03
1.665829145728643468e+01 -1.075713748966391527e-02
1.683417085427135973e+01 -1.223312722099053652e-02
1.701005025125628123e+01 -1.393900965037618046e-02
1.718592964824120628e+01 -1.597522642394035020e-02
1.736180904522613133e+01 -1.845982768937768845e-02
1.753768844221105638e+01 -2.130758634699818355e-02
1.771356783919598143e+01 -2.402176610480335345e-02
1.788944723618090649e+01 -2.590535025796695048e-02
1.806532663316583154e+01 -2.655014864200919492e-02
1.824120603015075659e+01 -2.590436088327544364e-02
1.841708542713568164e+01 -2.402987335866061183e-02
1.859296482412060669e+01 -2.139787539027910093e-02
1.876884422110553174e+01 -1.921839924863626148e-02
1.894472361809045680e+01 -1.864476943943712064e-02
1.912060301507538185e+01 -1.959437083806073870e-02
1.929648241206030690e+01 -2.078219385315984574e-02
1.947236180904523195e+01 -2.095915522469516887e-02
1.964824120603014990e+01 -2.001485298334572394e-02
1.982412060301507495e+01 -1.883260626198097337e-02
2.000000000000000000e+01 -1.818713322021651632e-02
